2257,2900903,30,30,10,18,0,0,18,0,0,1,USD,2017-07-01 03:57:44
2256,2628776,30,30,10,250,0,0,250,0,0,1,USD,2017-07-01 00:35:38
2255,1751490,30,30,10,600,0,0,600,0,0,1,USD,2017-06-30 22:07:02
2254,2898995,30,30,10,25.86,0,0,25.86,0,0,1,USD,2017-06-30 21:13:02
2253,2169426,30,30,10,2,0,0,2,0,0,1,USD,2017-06-30 20:36:51
2252,2900001,30,30,10,1,0,0,1,0,0,1,USD,2017-06-30 19:17:06
2251,406924,30,30,10,1.54,0,0,0,0,1.54,1,USD,2017-06-30 17:18:04
2250,2520635,30,30,10,100,0,0,100,0,0,1,USD,2017-06-30 16:37:45
2249,2899175,30,30,10,3,0,0,3,0,0,1,USD,2017-06-30 13:58:16
2248,2495902,30,30,10,133.32,0,0,133.32,0,0,1,USD,2017-06-30 09:21:10
2247,2495902,30,30,10,866.58,0,0,866.58,0,0,1,USD,2017-06-30 09:18:37
2246,2866689,30,30,10,600,0,0,600,0,0,1,USD,2017-06-30 04:11:21
2245,1969498,30,30,10,200,0,0,200,0,0,1,USD,2017-06-29 22:37:07
2244,1994385,30,30,10,5,0,0,5,0,0,1,USD,2017-06-29 18:13:24
2243,2895399,30,30,10,268.5,0,0,268.5,0,0,1,USD,2017-06-29 14:03:15
2242,2542959,30,30,10,81,0,0,81,0,0,1,USD,2017-06-29 11:21:32
2241,1023965,30,30,10,300,0,0,300,0,0,1,USD,2017-06-29 08:47:10
2240,2175200,30,30,10,7.69,0,0,7.69,0,0,1,USD,2017-06-29 01:08:34
2239,2253775,30,30,10,5.2,0,0,5.2,0,0,1,USD,2017-06-28 22:47:36
2237,2889378,30,30,10,384.62,0,0,384.62,0,0,1,USD,2017-06-28 01:51:27
2236,2888834,30,30,10,2692.3,0,0,2692.3,0,0,1,USD,2017-06-27 22:33:09
2235,2554058,30,30,10,20,0,0,20,0,0,1,USD,2017-06-27 21:20:25
2234,1994385,30,30,10,5,0,0,5,0,0,1,USD,2017-06-27 19:27:37
2233,1994385,30,30,10,5,0,0,5,0,0,1,USD,2017-06-27 19:25:47
2232,406924,30,30,10,1.85,0,0,0,0,1.85,1,USD,2017-06-27 19:25:45
2231,1023965,30,30,10,150,0,0,150,0,0,1,USD,2017-06-27 19:20:49
2230,1994385,30,30,10,10,0,0,10,0,0,1,USD,2017-06-27 19:09:42
2229,2887677,30,30,10,1,0,0,1,0,0,1,USD,2017-06-27 15:34:52
2228,2879385,30,30,10,20,0,0,20,0,0,1,USD,2017-06-27 12:40:06
2227,2886696,30,30,10,1,0,0,1,0,0,1,USD,2017-06-27 10:59:25
2226,2825468,30,30,10,76.92,0,0,76.92,0,0,1,USD,2017-06-27 06:29:26
2225,1214516,30,30,10,13.85,0,0,13.85,0,0,1,USD,2017-06-27 03:13:57
2224,406924,30,30,10,9,0,0,0,0,9,1,USD,2017-06-26 20:36:04
2223,1994385,30,30,10,5,0,0,5,0,0,1,USD,2017-06-26 18:23:02
2222,2540047,30,30,10,4,0,0,4,0,0,1,USD,2017-06-26 17:51:40
2221,406924,30,30,10,32,0,0,0,0,32,1,USD,2017-06-26 14:26:19
2220,406924,30,30,10,64,0,0,0,0,64,1,USD,2017-06-26 14:15:22
2219,2883404,30,30,10,15,0,0,15,0,0,1,USD,2017-06-26 13:32:55
2218,2261983,30,30,10,250,0,0,250,0,0,1,USD,2017-06-26 13:02:55
2217,2781714,10,20,10,15.38,0,0,15.38,0,0,1,USD,2017-06-25 23:23:16
2216,2881047,30,30,10,7.69,0,0,7.69,0,0,1,USD,2017-06-25 23:13:06
2215,2879385,30,30,10,250,0,0,250,0,0,1,USD,2017-06-25 15:12:46
2214,2879039,30,30,10,600,0,0,600,0,0,1,USD,2017-06-25 09:49:44
2213,2876371,30,30,10,40,0,0,40,0,0,1,USD,2017-06-25 06:58:54
2212,1922193,30,30,10,78,0,0,78,0,0,1,USD,2017-06-24 17:58:16
2211,1751806,30,30,10,600,0,0,600,0,0,1,USD,2017-06-24 17:48:55
2210,1126711,30,30,10,150,0,0,150,0,0,1,USD,2017-06-24 01:31:19
2209,406924,30,30,10,1.54,0,0,0,0,1.54,1,USD,2017-06-23 12:26:58
2208,2869545,30,30,10,750,0,0,750,0,0,1,USD,2017-06-22 21:27:17
2207,1994385,30,30,10,25,0,0,25,0,0,1,USD,2017-06-22 19:56:32
2206,1994385,30,30,10,5,0,0,5,0,0,1,USD,2017-06-22 18:11:43
2205,2868849,30,30,10,205.5,0,0,205.5,0,0,1,USD,2017-06-22 16:56:58
2204,2868851,30,30,10,41,0,0,41,0,0,1,USD,2017-06-22 16:44:44
2203,2540047,30,30,10,4,0,0,4,0,0,1,USD,2017-06-22 15:49:47
2202,2172966,30,30,10,600,0,0,600,0,0,1,USD,2017-06-22 13:25:03
2201,2230691,30,30,10,333.3,0,0,333.3,0,0,1,USD,2017-06-21 20:57:29
2200,2743285,30,30,10,600,0,0,600,0,0,1,USD,2017-06-21 18:31:07
2199,2240493,30,30,10,7.69,0,0,7.69,0,0,1,USD,2017-06-21 17:00:57
2198,2861882,30,30,10,36.66,0,0,36.66,0,0,1,USD,2017-06-21 16:27:22
2197,2842895,30,30,10,3,0,0,3,0,0,1,USD,2017-06-21 12:48:07
2196,2220117,30,30,10,290.77,0,0,290.77,0,0,1,USD,2017-06-21 09:41:32
2195,2862741,30,30,10,70,0,0,70,0,0,1,USD,2017-06-21 02:59:19
2194,2862105,30,30,10,3.08,0,0,3.08,0,0,1,USD,2017-06-21 00:55:47
2193,2842895,30,30,10,1,0,0,1,0,0,1,USD,2017-06-20 20:50:11
2192,2084863,30,30,10,27.69,0,0,27.69,0,0,1,USD,2017-06-20 20:05:19
2191,2556008,30,30,10,275,0,0,275,0,0,1,USD,2017-06-20 15:55:22
2190,2842895,30,30,10,22,0,0,22,0,0,1,USD,2017-06-20 14:34:53
2189,119683,30,30,10,400,0,0,0,0,400,1,USD,2017-06-20 13:37:36
2188,2860265,30,30,10,30,0,0,30,0,0,1,USD,2017-06-20 11:10:45
2187,2860166,30,30,10,12.6,0,0,12.6,0,0,1,USD,2017-06-20 09:41:41
2186,2052068,30,30,10,461.52,0,0,461.52,0,0,1,USD,2017-06-19 21:27:15
2185,1712908,30,30,10,30,0,0,30,0,0,1,USD,2017-06-19 21:10:24
2184,2842895,30,30,10,7,0,0,7,0,0,1,USD,2017-06-19 18:35:57
2183,2857388,30,30,10,250,0,0,250,0,0,1,USD,2017-06-19 16:17:57
2182,258542,30,30,10,5.34,0,0,0,0,5.34,1,USD,2017-06-19 15:05:54
2181,2134674,30,30,10,5,0,0,5,0,0,1,USD,2017-06-19 13:52:29
2180,1564005,30,30,10,13.85,0,0,13.85,0,0,1,USD,2017-06-19 02:39:21
2179,2001484,30,30,10,17,0,0,17,0,0,1,USD,2017-06-18 21:53:55
2178,2214020,30,30,10,5,0,0,5,0,0,1,USD,2017-06-18 21:12:18
2177,2052068,30,30,10,15,0,0,15,0,0,1,USD,2017-06-18 16:39:00
2176,2852556,30,30,10,2,0,0,2,0,0,1,USD,2017-06-18 09:31:08
2175,1553856,30,30,10,20,0,0,20,0,0,1,USD,2017-06-18 00:11:09
2174,1922193,30,30,10,39,0,0,39,0,0,1,USD,2017-06-17 13:30:48
2173,2036664,30,30,10,186.69,0,0,186.69,0,0,1,USD,2017-06-17 11:29:44
2172,2753455,30,30,10,432,0,0,432,0,0,1,USD,2017-06-16 23:39:51
2171,2605509,30,30,10,147.7,0,0,147.7,0,0,1,USD,2017-06-16 23:35:34
2170,2829194,30,30,10,350,0,0,350,0,0,1,USD,2017-06-16 16:22:19
2169,2845984,30,30,10,27.69,0,0,27.69,0,0,1,USD,2017-06-16 15:29:07
2168,2069709,30,30,10,112,0,0,112,0,0,1,USD,2017-06-16 13:26:36
2167,2229608,30,30,10,750,0,0,750,0,0,1,USD,2017-06-16 12:57:16
2166,2841106,30,30,10,4014.33,0,0,4014.33,0,0,1,USD,2017-06-16 08:00:20
2165,1882363,30,30,10,60,0,0,60,0,0,1,USD,2017-06-16 02:04:28
2164,2843288,30,30,10,240,0,0,240,0,0,1,USD,2017-06-15 21:14:49
2163,2843288,30,30,10,1050,0,0,1050,0,0,1,USD,2017-06-15 21:12:33
2162,2843019,30,30,10,250,0,0,250,0,0,1,USD,2017-06-15 19:26:36
2161,2842895,30,30,10,1,0,0,1,0,0,1,USD,2017-06-15 18:37:44
2160,1994385,30,30,10,15,0,0,15,0,0,1,USD,2017-06-15 18:19:55
2159,1994385,30,30,10,5,0,0,5,0,0,1,USD,2017-06-15 17:11:56
2158,1994385,30,30,10,5,0,0,5,0,0,1,USD,2017-06-15 16:55:04
2157,2573355,30,30,10,30.76,0,0,30.76,0,0,1,USD,2017-06-15 16:48:41
