2056,2662454,30,30,10,7.69,0,0,7.69,0,0,1,USD,2017-06-02 18:09:52
2055,1244652,30,30,10,100,0,0,100,0,0,1,USD,2017-06-02 17:44:38
2054,2270019,30,30,10,6,0,0,6,0,0,1,USD,2017-06-02 14:23:16
2053,633737,30,30,10,3.6,0,0,0,0,3.6,1,USD,2017-06-02 13:28:38
2052,633737,30,30,10,5.54,0,0,0,0,5.54,1,USD,2017-06-02 13:26:40
2051,2660545,30,30,10,330.77,0,0,330.77,0,0,1,USD,2017-06-02 08:00:29
2050,2771058,30,30,10,5,0,0,5,0,0,1,USD,2017-06-02 06:07:25
2049,2787024,30,30,10,10,0,0,10,0,0,1,USD,2017-06-02 03:42:39
2048,2791061,30,30,10,2500,0,0,2500,0,0,1,USD,2017-06-02 03:00:38
2047,2769677,30,30,10,100,0,0,100,0,0,1,USD,2017-06-01 21:35:47
2046,2780519,30,30,10,4.5,0,0,4.5,0,0,1,USD,2017-06-01 21:23:28
2045,2790019,30,30,10,10,0,0,10,0,0,1,USD,2017-06-01 20:22:52
2044,2789986,30,30,10,4,0,0,4,0,0,1,USD,2017-06-01 19:41:43
2043,2780519,30,30,10,9,0,0,9,0,0,1,USD,2017-06-01 18:09:14
2042,2069709,30,30,10,6,0,0,6,0,0,1,USD,2017-06-01 16:50:37
2041,2748733,30,30,10,10,0,0,10,0,0,1,USD,2017-06-01 16:26:36
2040,1994385,30,30,10,20,0,0,20,0,0,1,USD,2017-06-01 15:36:08
2039,2789122,30,30,10,45,0,0,45,0,0,1,USD,2017-06-01 15:21:53
2038,2229608,30,30,10,250,0,0,250,0,0,1,USD,2017-06-01 13:56:47
2037,2760465,30,30,10,468,0,0,468,0,0,1,USD,2017-06-01 13:18:29
2036,2060670,30,30,10,6,0,0,6,0,0,1,USD,2017-06-01 09:39:12
2035,2787563,30,30,10,1150,0,0,1150,0,0,1,USD,2017-06-01 07:12:15
